HV : 98.5445
=============================================
indexNashBest :7
=============================================
 Nash[indexNashBest] : 0.658279
=============================================
 NASHEJ[0] : 1.43369
 NASHEJ[1] : 1.31155
 NASHEJ[2] : 4.73373
 NASHEJ[3] : 4.37513
 NASHEJ[4] : 4.01358
 NASHEJ[5] : 1.60158
 NASHEJ[6] : 1.4915
 NASHEJ[7] : 0.658279
 NASHEJ[8] : 4.73373
 NASHEJ[9] : 0.658279
 NASHEJ[10] : 1.07942
 NASHEJ[11] : 4.67861
 NASHEJ[12] : 1.52026
 NASHEJ[13] : 0.989829
 NASHEJ[14] : 5.17351
 NASHEJ[15] : 1.63571
 NASHEJ[16] : 4.73373
 NASHEJ[17] : 0.658279
 NASHEJ[18] : 1.07942
 NASHEJ[19] : 4.67861
 NASHEJ[20] : 0.989829
 NASHEJ[21] : 5.17351
 NASHEJ[22] : 1.63571
 NASHEJ[23] : 5.81733
 NASHEJ[24] : 1.307
