HV : 101.273
=============================================
indexNashBest :21
=============================================
 Nash[indexNashBest] : 0.30227
=============================================
 NASHEJ[0] : 0.908429
 NASHEJ[1] : 0.925032
 NASHEJ[2] : 1.33308
 NASHEJ[3] : 0.431266
 NASHEJ[4] : 0.852741
 NASHEJ[5] : 0.354609
 NASHEJ[6] : 0.558577
 NASHEJ[7] : 0.925032
 NASHEJ[8] : 0.925032
 NASHEJ[9] : 1.33308
 NASHEJ[10] : 0.925032
 NASHEJ[11] : 4.69125
 NASHEJ[12] : 0.879799
 NASHEJ[13] : 0.304157
 NASHEJ[14] : 0.417404
 NASHEJ[15] : 3.23705
 NASHEJ[16] : 0.358443
 NASHEJ[17] : 0.304157
 NASHEJ[18] : 0.417404
 NASHEJ[19] : 3.23705
 NASHEJ[20] : 1.2576
 NASHEJ[21] : 0.30227
 NASHEJ[22] : 4.24282
 NASHEJ[23] : 0.698023
 NASHEJ[24] : 0.304157
 NASHEJ[25] : 0.417404
 NASHEJ[26] : 3.23705
 NASHEJ[27] : 1.2576
 NASHEJ[28] : 0.30227
 NASHEJ[29] : 0.698023
 NASHEJ[30] : 4.14599
