HV : 134.634
=============================================
indexNashBest :6
=============================================
 Nash[indexNashBest] : -0.192613
=============================================
 NASHEJ[0] : 0.00047795
 NASHEJ[1] : -0.0882643
 NASHEJ[2] : -0.0484627
 NASHEJ[3] : -0.00743104
 NASHEJ[4] : -0.0917079
 NASHEJ[5] : 1.40117
 NASHEJ[6] : -0.192613
 NASHEJ[7] : -0.104587
 NASHEJ[8] : 0.00810218
 NASHEJ[9] : -0.0941321
 NASHEJ[10] : -0.103609
 NASHEJ[11] : -0.149015
 NASHEJ[12] : -0.0947456
 NASHEJ[13] : -0.128757
 NASHEJ[14] : -0.100961
 NASHEJ[15] : -0.0289145
 NASHEJ[16] : -0.0980098
 NASHEJ[17] : -0.115685
 NASHEJ[18] : 0.00710593
 NASHEJ[19] : -0.00953073
 NASHEJ[20] : 0.00577869
 NASHEJ[21] : -0.116184
 NASHEJ[22] : 0.0155562
 NASHEJ[23] : 0.00912824
 NASHEJ[24] : -0.0919017
 NASHEJ[25] : 9.08674
 NASHEJ[26] : -0.00612877
