HV : 123.028
=============================================
indexNashBest :94
=============================================
 Nash[indexNashBest] : -0.103197
=============================================
 NASHEJ[0] : -0.0901565
 NASHEJ[1] : -0.0810654
 NASHEJ[2] : -0.0865838
 NASHEJ[3] : -0.0858779
 NASHEJ[4] : -0.00508292
 NASHEJ[5] : 0.0156641
 NASHEJ[6] : -0.0789762
 NASHEJ[7] : 0.0120545
 NASHEJ[8] : -0.0236689
 NASHEJ[9] : -0.0326991
 NASHEJ[10] : -0.0810964
 NASHEJ[11] : 0.0145116
 NASHEJ[12] : 1.4743
 NASHEJ[13] : -0.0142745
 NASHEJ[14] : 0.0096153
 NASHEJ[15] : 0.00859897
 NASHEJ[16] : 0.0147657
 NASHEJ[17] : -0.0859136
 NASHEJ[18] : -0.085175
 NASHEJ[19] : -0.040138
 NASHEJ[20] : 0.00847407
 NASHEJ[21] : -0.000632678
 NASHEJ[22] : 0.0212651
 NASHEJ[23] : -0.087404
 NASHEJ[24] : 2.99109
 NASHEJ[25] : -0.0442594
 NASHEJ[26] : -0.0473376
 NASHEJ[27] : -0.0901565
 NASHEJ[28] : -0.0865838
 NASHEJ[29] : -0.0858779
 NASHEJ[30] : -0.0789762
 NASHEJ[31] : 0.0120545
 NASHEJ[32] : -0.0236689
 NASHEJ[33] : -0.0326991
 NASHEJ[34] : -0.0810964
 NASHEJ[35] : 1.4743
 NASHEJ[36] : -0.0142745
 NASHEJ[37] : 0.0096153
 NASHEJ[38] : 0.00859897
 NASHEJ[39] : 0.0147657
 NASHEJ[40] : -0.0859136
 NASHEJ[41] : -0.085175
 NASHEJ[42] : -0.040138
 NASHEJ[43] : 0.00847407
 NASHEJ[44] : -0.000632678
 NASHEJ[45] : -0.087404
 NASHEJ[46] : 2.99109
 NASHEJ[47] : -0.0442594
 NASHEJ[48] : -0.0473376
 NASHEJ[49] : 0.00400874
 NASHEJ[50] : -0.0223123
 NASHEJ[51] : -0.0181575
 NASHEJ[52] : 0.0100856
 NASHEJ[53] : 0.00679463
 NASHEJ[54] : -0.0341055
 NASHEJ[55] : -0.0431338
 NASHEJ[56] : 1.47136
 NASHEJ[57] : -0.0555805
 NASHEJ[58] : -0.00354266
 NASHEJ[59] : -0.0864467
 NASHEJ[60] : -0.0895093
 NASHEJ[61] : 0.00618297
 NASHEJ[62] : -0.0901565
 NASHEJ[63] : -0.0865838
 NASHEJ[64] : -0.0789762
 NASHEJ[65] : 0.0120545
 NASHEJ[66] : -0.0236689
 NASHEJ[67] : -0.0326991
 NASHEJ[68] : -0.0810964
 NASHEJ[69] : 1.4743
 NASHEJ[70] : 0.0096153
 NASHEJ[71] : 0.00859897
 NASHEJ[72] : -0.0859136
 NASHEJ[73] : -0.085175
 NASHEJ[74] : -0.040138
 NASHEJ[75] : -0.000632678
 NASHEJ[76] : -0.087404
 NASHEJ[77] : 2.99109
 NASHEJ[78] : -0.0442594
 NASHEJ[79] : 0.00400874
 NASHEJ[80] : -0.0181575
 NASHEJ[81] : 0.00679463
 NASHEJ[82] : -0.0341055
 NASHEJ[83] : 1.47136
 NASHEJ[84] : -0.0555805
 NASHEJ[85] : -0.00354266
 NASHEJ[86] : -0.0864467
 NASHEJ[87] : -0.0895093
 NASHEJ[88] : 0.00618297
 NASHEJ[89] : -0.102041
 NASHEJ[90] : -0.0357786
 NASHEJ[91] : 2.96036
 NASHEJ[92] : -0.0307491
 NASHEJ[93] : 0.00407463
 NASHEJ[94] : -0.103197
 NASHEJ[95] : -0.0486074
 NASHEJ[96] : -0.0322878
 NASHEJ[97] : -0.0721013
 NASHEJ[98] : -0.00256817
 NASHEJ[99] : 1.45956
 NASHEJ[100] : -0.0901565
 NASHEJ[101] : -0.0865838
 NASHEJ[102] : -0.0789762
 NASHEJ[103] : 0.0120545
 NASHEJ[104] : -0.0236689
 NASHEJ[105] : -0.0326991
 NASHEJ[106] : 1.4743
 NASHEJ[107] : 0.00859897
 NASHEJ[108] : -0.0859136
 NASHEJ[109] : -0.085175
 NASHEJ[110] : -0.000632678
 NASHEJ[111] : -0.087404
 NASHEJ[112] : 2.99109
 NASHEJ[113] : 0.00400874
 NASHEJ[114] : -0.0181575
 NASHEJ[115] : -0.0341055
 NASHEJ[116] : 1.47136
 NASHEJ[117] : -0.0555805
 NASHEJ[118] : -0.00354266
 NASHEJ[119] : -0.0864467
 NASHEJ[120] : -0.0895093
 NASHEJ[121] : 0.00618297
 NASHEJ[122] : -0.102041
 NASHEJ[123] : -0.0357786
 NASHEJ[124] : 2.96036
 NASHEJ[125] : -0.0307491
 NASHEJ[126] : -0.103197
 NASHEJ[127] : -0.0486074
 NASHEJ[128] : -0.0322878
 NASHEJ[129] : -0.0721013
 NASHEJ[130] : -0.00256817
 NASHEJ[131] : -0.0327223
 NASHEJ[132] : -0.0502478
 NASHEJ[133] : -0.0259901
 NASHEJ[134] : -0.0825587
 NASHEJ[135] : -0.0952055
 NASHEJ[136] : -0.056255
 NASHEJ[137] : 1.43117
 NASHEJ[138] : -0.0274746
 NASHEJ[139] : -0.0898198
 NASHEJ[140] : 0.00525468
 NASHEJ[141] : -0.0294879
