HV : 101.763
=============================================
indexNashBest :5
=============================================
 Nash[indexNashBest] : 0.28306
=============================================
 NASHEJ[0] : 4.34595
 NASHEJ[1] : 0.735853
 NASHEJ[2] : 0.344696
 NASHEJ[3] : 0.829447
 NASHEJ[4] : 0.476727
 NASHEJ[5] : 0.28306
 NASHEJ[6] : 0.92018
 NASHEJ[7] : 0.822914
 NASHEJ[8] : 4.34595
 NASHEJ[9] : 0.344696
 NASHEJ[10] : 0.829447
 NASHEJ[11] : 0.476727
 NASHEJ[12] : 0.28306
 NASHEJ[13] : 0.705311
 NASHEJ[14] : 0.700237
 NASHEJ[15] : 0.698023
