HV : 116.815
=============================================
indexNashBest :13
=============================================
 Nash[indexNashBest] : -0.101648
=============================================
 NASHEJ[0] : 0.0290233
 NASHEJ[1] : -0.0490729
 NASHEJ[2] : -0.0725726
 NASHEJ[3] : -0.0781728
 NASHEJ[4] : -0.062971
 NASHEJ[5] : -0.0584751
 NASHEJ[6] : -0.0786194
 NASHEJ[7] : 0.0952127
 NASHEJ[8] : 0.0973469
 NASHEJ[9] : 19.9251
 NASHEJ[10] : 0.0338518
 NASHEJ[11] : -0.0980165
 NASHEJ[12] : 0.0473312
 NASHEJ[13] : -0.101648
 NASHEJ[14] : -0.0761779
 NASHEJ[15] : 0.0587848
 NASHEJ[16] : 9.15192
 NASHEJ[17] : 4.55416
 NASHEJ[18] : -0.046902
 NASHEJ[19] : 18.3828
 NASHEJ[20] : 0.0966108
 NASHEJ[21] : 0.0928886
 NASHEJ[22] : -0.0248084
 NASHEJ[23] : 0.0777645
 NASHEJ[24] : 0.0554996
 NASHEJ[25] : -0.0660789
 NASHEJ[26] : 0.0910256
 NASHEJ[27] : 22.9891
 NASHEJ[28] : 0.0618669
 NASHEJ[29] : 0.0534217
 NASHEJ[30] : -0.0926056
 NASHEJ[31] : 0.0946947
 NASHEJ[32] : 0.0230551
 NASHEJ[33] : 24.5596
 NASHEJ[34] : 0.0375403
 NASHEJ[35] : -0.0700023
