HV : 132.381
=============================================
indexNashBest :6
=============================================
 Nash[indexNashBest] : -0.192613
=============================================
 NASHEJ[0] : 0.00047795
 NASHEJ[1] : -0.0882643
 NASHEJ[2] : -0.0484627
 NASHEJ[3] : -0.00743104
 NASHEJ[4] : -0.0917079
 NASHEJ[5] : 1.40117
 NASHEJ[6] : -0.192613
 NASHEJ[7] : -0.104587
 NASHEJ[8] : 0.00810218
 NASHEJ[9] : -0.0941321
 NASHEJ[10] : -0.103609
 NASHEJ[11] : -0.149015
 NASHEJ[12] : -0.0947456
 NASHEJ[13] : -0.128757
 NASHEJ[14] : -0.100961
 NASHEJ[15] : -0.0289145
 NASHEJ[16] : -0.0980098
 NASHEJ[17] : -0.115685
 NASHEJ[18] : 0.00710593
 NASHEJ[19] : -0.00953073
 NASHEJ[20] : 0.00577869
 NASHEJ[21] : -0.116184
 NASHEJ[22] : 0.0155562
 NASHEJ[23] : 0.00912824
 NASHEJ[24] : -0.0919017
 NASHEJ[25] : 9.08674
 NASHEJ[26] : -0.00612877
 NASHEJ[27] : 0.00047795
 NASHEJ[28] : -0.0882643
 NASHEJ[29] : -0.0917079
 NASHEJ[30] : -0.192613
 NASHEJ[31] : -0.104587
 NASHEJ[32] : -0.103609
 NASHEJ[33] : -0.149015
 NASHEJ[34] : -0.128757
 NASHEJ[35] : -0.100961
 NASHEJ[36] : -0.0289145
 NASHEJ[37] : -0.0980098
 NASHEJ[38] : -0.115685
 NASHEJ[39] : 0.00710593
 NASHEJ[40] : 0.0155562
 NASHEJ[41] : -0.0919017
 NASHEJ[42] : -0.129533
 NASHEJ[43] : -0.107943
 NASHEJ[44] : -0.0207542
 NASHEJ[45] : 0.0192882
 NASHEJ[46] : 0.00603775
 NASHEJ[47] : 0.0170593
 NASHEJ[48] : -0.0438707
 NASHEJ[49] : -0.167997
 NASHEJ[50] : -0.00613036
 NASHEJ[51] : 5.99249
 NASHEJ[52] : 0.0027317
 NASHEJ[53] : -0.0326631
 NASHEJ[54] : 1.38635
 NASHEJ[55] : -0.0670399
