HV : 122.793
=============================================
indexNashBest :0
=============================================
 Nash[indexNashBest] : -0.0901565
=============================================
 NASHEJ[0] : -0.0901565
 NASHEJ[1] : -0.0810654
 NASHEJ[2] : -0.0865838
 NASHEJ[3] : -0.0858779
 NASHEJ[4] : -0.00508292
 NASHEJ[5] : 0.0156641
 NASHEJ[6] : -0.0789762
 NASHEJ[7] : 0.0120545
 NASHEJ[8] : -0.0236689
 NASHEJ[9] : -0.0326991
 NASHEJ[10] : -0.0810964
 NASHEJ[11] : 0.0145116
 NASHEJ[12] : 1.4743
 NASHEJ[13] : -0.0142745
 NASHEJ[14] : 0.0096153
 NASHEJ[15] : 0.00859897
 NASHEJ[16] : 0.0147657
 NASHEJ[17] : -0.0859136
 NASHEJ[18] : -0.085175
 NASHEJ[19] : -0.040138
 NASHEJ[20] : 0.00847407
 NASHEJ[21] : -0.000632678
 NASHEJ[22] : 0.0212651
 NASHEJ[23] : -0.087404
 NASHEJ[24] : 2.99109
 NASHEJ[25] : -0.0442594
 NASHEJ[26] : -0.0473376
