HV : 98.6424
=============================================
indexNashBest :1
=============================================
 Nash[indexNashBest] : 0.702393
=============================================
 NASHEJ[0] : 1.64882
 NASHEJ[1] : 0.702393
 NASHEJ[2] : 4.63602
 NASHEJ[3] : 1.05587
 NASHEJ[4] : 1.71022
 NASHEJ[5] : 1.64882
 NASHEJ[6] : 0.702393
 NASHEJ[7] : 4.63602
 NASHEJ[8] : 1.05587
 NASHEJ[9] : 1.29326
 NASHEJ[10] : 4.89717
 NASHEJ[11] : 1.64882
 NASHEJ[12] : 0.702393
 NASHEJ[13] : 4.63602
 NASHEJ[14] : 1.05587
 NASHEJ[15] : 1.29326
 NASHEJ[16] : 4.89717
 NASHEJ[17] : 1.48107
 NASHEJ[18] : 4.95818
 NASHEJ[19] : 0.702393
 NASHEJ[20] : 1.05587
 NASHEJ[21] : 1.29326
 NASHEJ[22] : 1.48107
 NASHEJ[23] : 0.766725
 NASHEJ[24] : 1.2497
 NASHEJ[25] : 4.20462
 NASHEJ[26] : 4.67169
 NASHEJ[27] : 1.43032
