HV : -92.379
=============================================
indexNashBest :8
=============================================
 Nash[indexNashBest] : -0.108666
=============================================
 NASHEJ[0] : -0.0293836
 NASHEJ[1] : -0.0774872
 NASHEJ[2] : 0.0471392
 NASHEJ[3] : -0.0834205
 NASHEJ[4] : 0.0550133
 NASHEJ[5] : 0.0663425
 NASHEJ[6] : -0.0838075
 NASHEJ[7] : 19.9099
 NASHEJ[8] : -0.108666
 NASHEJ[9] : 0.0785561
 NASHEJ[10] : 0.0919541
 NASHEJ[11] : -0.0861449
 NASHEJ[12] : -0.0315653
 NASHEJ[13] : 7.59477
 NASHEJ[14] : -0.0248135
 NASHEJ[15] : 0.0842023
 NASHEJ[16] : 0.0788834
 NASHEJ[17] : -0.0382337
 NASHEJ[18] : -0.0939033
 NASHEJ[19] : 0.0458314
 NASHEJ[20] : 0.00431792
 NASHEJ[21] : 21.4221
 NASHEJ[22] : 0.0413803
 NASHEJ[23] : 0.0375551
 NASHEJ[24] : -0.0746317
 NASHEJ[25] : 360.088
 NASHEJ[26] : 0.0843364
 NASHEJ[27] : -0.0781678
 NASHEJ[28] : 0.0188302
 NASHEJ[29] : -0.0727951
