HV : 115.162
=============================================
indexNashBest :28
=============================================
 Nash[indexNashBest] : -0.0967308
=============================================
 NASHEJ[0] : -0.0261539
 NASHEJ[1] : -0.0644861
 NASHEJ[2] : -0.0929991
 NASHEJ[3] : -0.0648354
 NASHEJ[4] : 0.0451912
 NASHEJ[5] : 1.44545
 NASHEJ[6] : -0.0836037
 NASHEJ[7] : -0.04367
 NASHEJ[8] : 4.54219
 NASHEJ[9] : -0.0634086
 NASHEJ[10] : 15.3318
 NASHEJ[11] : -0.00354639
 NASHEJ[12] : 0.0798033
 NASHEJ[13] : 1.45509
 NASHEJ[14] : -0.00516389
 NASHEJ[15] : 0.0360308
 NASHEJ[16] : -0.0422416
 NASHEJ[17] : 0.0295715
 NASHEJ[18] : 0.0157338
 NASHEJ[19] : -0.0255224
 NASHEJ[20] : -0.0846696
 NASHEJ[21] : -0.0731902
 NASHEJ[22] : 1.44749
 NASHEJ[23] : -0.0388842
 NASHEJ[24] : -0.0911289
 NASHEJ[25] : -0.0244822
 NASHEJ[26] : -0.0959891
 NASHEJ[27] : 0.0438238
 NASHEJ[28] : -0.0967308
 NASHEJ[29] : 1.45125
 NASHEJ[30] : -0.0644861
 NASHEJ[31] : -0.0929991
 NASHEJ[32] : -0.0648354
 NASHEJ[33] : -0.0836037
 NASHEJ[34] : -0.04367
 NASHEJ[35] : 4.54219
 NASHEJ[36] : -0.0634086
 NASHEJ[37] : 15.3318
 NASHEJ[38] : -0.00354639
 NASHEJ[39] : 0.0798033
 NASHEJ[40] : -0.00516389
 NASHEJ[41] : -0.0255224
 NASHEJ[42] : -0.0846696
 NASHEJ[43] : -0.0731902
 NASHEJ[44] : -0.0388842
 NASHEJ[45] : -0.0911289
 NASHEJ[46] : -0.0244822
 NASHEJ[47] : -0.0959891
 NASHEJ[48] : -0.0967308
 NASHEJ[49] : 1.45125
 NASHEJ[50] : -0.0435315
 NASHEJ[51] : -0.0712512
 NASHEJ[52] : 67.8364
 NASHEJ[53] : -0.0856004
 NASHEJ[54] : -0.0950892
 NASHEJ[55] : -0.0943266
 NASHEJ[56] : -0.0842753
 NASHEJ[57] : -0.0895535
 NASHEJ[58] : 1.46021
 NASHEJ[59] : 0.00834902
 NASHEJ[60] : -0.0612093
 NASHEJ[61] : -0.0816726
 NASHEJ[62] : -0.00951145
 NASHEJ[63] : -0.065779
 NASHEJ[64] : 2.98706
 NASHEJ[65] : -0.0902207
 NASHEJ[66] : 0.00479445
 NASHEJ[67] : 0.0126397
 NASHEJ[68] : -0.0225175
 NASHEJ[69] : -0.0728078
 NASHEJ[70] : -0.0644861
 NASHEJ[71] : -0.0929991
 NASHEJ[72] : -0.0648354
 NASHEJ[73] : -0.0836037
 NASHEJ[74] : -0.04367
 NASHEJ[75] : 4.54219
 NASHEJ[76] : -0.0634086
 NASHEJ[77] : -0.00354639
 NASHEJ[78] : 0.0798033
 NASHEJ[79] : -0.00516389
 NASHEJ[80] : -0.0255224
 NASHEJ[81] : -0.0846696
 NASHEJ[82] : -0.0731902
 NASHEJ[83] : -0.0388842
 NASHEJ[84] : -0.0911289
 NASHEJ[85] : -0.0244822
 NASHEJ[86] : -0.0959891
 NASHEJ[87] : -0.0967308
 NASHEJ[88] : 1.45125
 NASHEJ[89] : -0.0435315
 NASHEJ[90] : -0.0712512
 NASHEJ[91] : 67.8364
 NASHEJ[92] : -0.0856004
 NASHEJ[93] : -0.0950892
 NASHEJ[94] : -0.0943266
 NASHEJ[95] : -0.0842753
 NASHEJ[96] : -0.0895535
 NASHEJ[97] : 1.46021
 NASHEJ[98] : 0.00834902
 NASHEJ[99] : -0.0612093
 NASHEJ[100] : -0.0816726
 NASHEJ[101] : -0.00951145
 NASHEJ[102] : -0.065779
 NASHEJ[103] : 2.98706
 NASHEJ[104] : -0.0902207
 NASHEJ[105] : 0.00479445
 NASHEJ[106] : 0.0126397
 NASHEJ[107] : -0.0225175
 NASHEJ[108] : -0.0728078
 NASHEJ[109] : 7.60466
 NASHEJ[110] : 30.8233
 NASHEJ[111] : 0.0157686
 NASHEJ[112] : -0.0614069
 NASHEJ[113] : -0.0234034
 NASHEJ[114] : 0.0144531
