HV : 98.5849
=============================================
indexNashBest :13
=============================================
 Nash[indexNashBest] : 0.671866
=============================================
 NASHEJ[0] : 4.1535
 NASHEJ[1] : 1.07129
 NASHEJ[2] : 1.63571
 NASHEJ[3] : 1.2844
 NASHEJ[4] : 1.44393
 NASHEJ[5] : 1.31213
 NASHEJ[6] : 1.2039
 NASHEJ[7] : 1.5088
 NASHEJ[8] : 0.744122
 NASHEJ[9] : 0.740581
 NASHEJ[10] : 4.1535
 NASHEJ[11] : 1.63571
 NASHEJ[12] : 1.5088
 NASHEJ[13] : 0.671866
 NASHEJ[14] : 0.879909
 NASHEJ[15] : 4.13889
