HV : 101.281
=============================================
indexNashBest :10
=============================================
 Nash[indexNashBest] : 0.293511
=============================================
 NASHEJ[0] : 0.391777
 NASHEJ[1] : 0.354072
 NASHEJ[2] : 1.38304
 NASHEJ[3] : 0.564409
 NASHEJ[4] : 0.848583
 NASHEJ[5] : 1.11316
 NASHEJ[6] : 3.57481
 NASHEJ[7] : 0.887895
 NASHEJ[8] : 4.15257
 NASHEJ[9] : 0.564409
 NASHEJ[10] : 0.293511
 NASHEJ[11] : 0.54071
