HV : 98.9054
=============================================
indexNashBest :40
=============================================
 Nash[indexNashBest] : 0.624059
=============================================
 NASHEJ[0] : 4.1535
 NASHEJ[1] : 1.07129
 NASHEJ[2] : 1.63571
 NASHEJ[3] : 1.2844
 NASHEJ[4] : 1.44393
 NASHEJ[5] : 1.31213
 NASHEJ[6] : 1.2039
 NASHEJ[7] : 1.5088
 NASHEJ[8] : 0.744122
 NASHEJ[9] : 0.740581
 NASHEJ[10] : 4.1535
 NASHEJ[11] : 1.63571
 NASHEJ[12] : 1.5088
 NASHEJ[13] : 0.671866
 NASHEJ[14] : 0.879909
 NASHEJ[15] : 4.13889
 NASHEJ[16] : 1.63571
 NASHEJ[17] : 1.5088
 NASHEJ[18] : 0.671866
 NASHEJ[19] : 0.879909
 NASHEJ[20] : 0.879909
 NASHEJ[21] : 1.5088
 NASHEJ[22] : 3.60166
 NASHEJ[23] : 1.63571
 NASHEJ[24] : 1.5088
 NASHEJ[25] : 0.671866
 NASHEJ[26] : 0.879909
 NASHEJ[27] : 0.879909
 NASHEJ[28] : 1.5088
 NASHEJ[29] : 3.60166
 NASHEJ[30] : 3.5663
 NASHEJ[31] : 1.20042
 NASHEJ[32] : 1.63571
 NASHEJ[33] : 1.5088
 NASHEJ[34] : 0.879909
 NASHEJ[35] : 0.879909
 NASHEJ[36] : 1.5088
 NASHEJ[37] : 3.60166
 NASHEJ[38] : 3.5663
 NASHEJ[39] : 1.20042
 NASHEJ[40] : 0.624059
 NASHEJ[41] : 1.63571
 NASHEJ[42] : 1.5088
 NASHEJ[43] : 0.879909
 NASHEJ[44] : 0.879909
 NASHEJ[45] : 1.5088
 NASHEJ[46] : 3.60166
 NASHEJ[47] : 1.20042
 NASHEJ[48] : 0.624059
 NASHEJ[49] : 3.35045
 NASHEJ[50] : 1.63571
 NASHEJ[51] : 1.5088
 NASHEJ[52] : 0.879909
 NASHEJ[53] : 0.879909
 NASHEJ[54] : 1.5088
 NASHEJ[55] : 3.60166
 NASHEJ[56] : 1.20042
 NASHEJ[57] : 0.624059
 NASHEJ[58] : 3.35045
 NASHEJ[59] : 4.48816
