HV : 99.1668
=============================================
indexNashBest :17
=============================================
 Nash[indexNashBest] : 0.740866
=============================================
 NASHEJ[0] : 0.765115
 NASHEJ[1] : 0.822625
 NASHEJ[2] : 1.09109
 NASHEJ[3] : 4.21535
 NASHEJ[4] : 1.36916
 NASHEJ[5] : 1.21481
 NASHEJ[6] : 0.765115
 NASHEJ[7] : 1.09109
 NASHEJ[8] : 1.21481
 NASHEJ[9] : 1.36258
 NASHEJ[10] : 4.0336
 NASHEJ[11] : 0.806232
 NASHEJ[12] : 1.30556
 NASHEJ[13] : 1.09109
 NASHEJ[14] : 1.21481
 NASHEJ[15] : 1.36258
 NASHEJ[16] : 4.0336
 NASHEJ[17] : 0.740866
 NASHEJ[18] : 1.64602
 NASHEJ[19] : 0.756256
 NASHEJ[20] : 1.30484
 NASHEJ[21] : 1.27617
