HV : 76.7858
=============================================
indexNashBest :71
=============================================
 Nash[indexNashBest] : -0.118163
=============================================
 NASHEJ[0] : 0.0290233
 NASHEJ[1] : -0.0490729
 NASHEJ[2] : -0.0725726
 NASHEJ[3] : -0.0781728
 NASHEJ[4] : -0.062971
 NASHEJ[5] : -0.0584751
 NASHEJ[6] : -0.0786194
 NASHEJ[7] : 0.0952127
 NASHEJ[8] : 0.0973469
 NASHEJ[9] : 19.9251
 NASHEJ[10] : 0.0338518
 NASHEJ[11] : -0.0980165
 NASHEJ[12] : 0.0473312
 NASHEJ[13] : -0.101648
 NASHEJ[14] : -0.0761779
 NASHEJ[15] : 0.0587848
 NASHEJ[16] : 9.15192
 NASHEJ[17] : 4.55416
 NASHEJ[18] : -0.046902
 NASHEJ[19] : 18.3828
 NASHEJ[20] : 0.0966108
 NASHEJ[21] : 0.0928886
 NASHEJ[22] : -0.0248084
 NASHEJ[23] : 0.0777645
 NASHEJ[24] : 0.0554996
 NASHEJ[25] : -0.0660789
 NASHEJ[26] : 0.0910256
 NASHEJ[27] : 22.9891
 NASHEJ[28] : 0.0618669
 NASHEJ[29] : 0.0534217
 NASHEJ[30] : -0.0926056
 NASHEJ[31] : 0.0946947
 NASHEJ[32] : 0.0230551
 NASHEJ[33] : 24.5596
 NASHEJ[34] : 0.0375403
 NASHEJ[35] : -0.0700023
 NASHEJ[36] : -0.0725726
 NASHEJ[37] : -0.062971
 NASHEJ[38] : -0.0584751
 NASHEJ[39] : 0.0973469
 NASHEJ[40] : 0.0338518
 NASHEJ[41] : -0.0980165
 NASHEJ[42] : 0.0473312
 NASHEJ[43] : -0.101648
 NASHEJ[44] : -0.0761779
 NASHEJ[45] : 0.0587848
 NASHEJ[46] : 9.15192
 NASHEJ[47] : 4.55416
 NASHEJ[48] : 0.0928886
 NASHEJ[49] : 0.0777645
 NASHEJ[50] : 0.0554996
 NASHEJ[51] : 0.0910256
 NASHEJ[52] : 0.0618669
 NASHEJ[53] : 0.0534217
 NASHEJ[54] : -0.0926056
 NASHEJ[55] : 0.0230551
 NASHEJ[56] : 24.5596
 NASHEJ[57] : 0.0375403
 NASHEJ[58] : -0.0700023
 NASHEJ[59] : 0.0604443
 NASHEJ[60] : -0.0511836
 NASHEJ[61] : 0.387497
 NASHEJ[62] : -0.106626
 NASHEJ[63] : 18.3633
 NASHEJ[64] : 18.3912
 NASHEJ[65] : -0.0925294
 NASHEJ[66] : 0.0832627
 NASHEJ[67] : -0.0977009
 NASHEJ[68] : -0.085451
 NASHEJ[69] : 13.7598
 NASHEJ[70] : 0.0376333
 NASHEJ[71] : -0.118163
 NASHEJ[72] : 0.00787933
 NASHEJ[73] : 229.258
 NASHEJ[74] : -0.0729281
 NASHEJ[75] : 19.9204
 NASHEJ[76] : -0.0557715
 NASHEJ[77] : 0.0804463
 NASHEJ[78] : -0.0725726
 NASHEJ[79] : -0.062971
 NASHEJ[80] : -0.0584751
 NASHEJ[81] : 0.0973469
 NASHEJ[82] : 0.0338518
 NASHEJ[83] : -0.0980165
 NASHEJ[84] : 0.0473312
 NASHEJ[85] : -0.101648
 NASHEJ[86] : 9.15192
 NASHEJ[87] : 4.55416
 NASHEJ[88] : 0.0928886
 NASHEJ[89] : 0.0554996
 NASHEJ[90] : 0.0910256
 NASHEJ[91] : 0.0534217
 NASHEJ[92] : -0.0926056
 NASHEJ[93] : 0.0230551
 NASHEJ[94] : 0.0604443
 NASHEJ[95] : -0.0511836
 NASHEJ[96] : 0.387497
 NASHEJ[97] : -0.106626
 NASHEJ[98] : 18.3912
 NASHEJ[99] : 0.0832627
 NASHEJ[100] : -0.0977009
 NASHEJ[101] : -0.085451
 NASHEJ[102] : 0.0376333
 NASHEJ[103] : -0.118163
 NASHEJ[104] : 0.00787933
 NASHEJ[105] : -0.0729281
 NASHEJ[106] : 0.0804463
 NASHEJ[107] : 15.2797
 NASHEJ[108] : 0.0581889
 NASHEJ[109] : 0.0234513
 NASHEJ[110] : -0.0985321
 NASHEJ[111] : -0.060463
 NASHEJ[112] : 19.8988
 NASHEJ[113] : -0.107524
 NASHEJ[114] : 0.0808252
 NASHEJ[115] : -0.0979239
 NASHEJ[116] : -0.0819781
 NASHEJ[117] : 0.0675076
 NASHEJ[118] : -0.0728358
 NASHEJ[119] : 0.0728893
 NASHEJ[120] : 0.0399396
 NASHEJ[121] : 10.6712
 NASHEJ[122] : 0.0438071
