HV : 101.354
=============================================
indexNashBest :21
=============================================
 Nash[indexNashBest] : 0.268056
=============================================
 NASHEJ[0] : 0.391777
 NASHEJ[1] : 0.354072
 NASHEJ[2] : 1.38304
 NASHEJ[3] : 0.564409
 NASHEJ[4] : 0.848583
 NASHEJ[5] : 1.11316
 NASHEJ[6] : 3.57481
 NASHEJ[7] : 0.887895
 NASHEJ[8] : 4.15257
 NASHEJ[9] : 0.564409
 NASHEJ[10] : 0.293511
 NASHEJ[11] : 0.54071
 NASHEJ[12] : 0.564409
 NASHEJ[13] : 0.293511
 NASHEJ[14] : 0.54071
 NASHEJ[15] : 0.402771
 NASHEJ[16] : 2.41995
 NASHEJ[17] : 0.354318
 NASHEJ[18] : 0.54071
 NASHEJ[19] : 2.41995
 NASHEJ[20] : 0.417404
 NASHEJ[21] : 0.268056
 NASHEJ[22] : 0.54071
 NASHEJ[23] : 2.41995
 NASHEJ[24] : 0.417404
 NASHEJ[25] : 0.268056
 NASHEJ[26] : 0.284926
 NASHEJ[27] : 0.54071
 NASHEJ[28] : 2.41995
 NASHEJ[29] : 0.417404
 NASHEJ[30] : 0.268056
 NASHEJ[31] : 0.284926
 NASHEJ[32] : 0.54071
 NASHEJ[33] : 2.41995
 NASHEJ[34] : 0.417404
 NASHEJ[35] : 0.268056
 NASHEJ[36] : 0.284926
 NASHEJ[37] : 0.54071
 NASHEJ[38] : 2.41995
 NASHEJ[39] : 0.417404
 NASHEJ[40] : 0.268056
 NASHEJ[41] : 0.284926
 NASHEJ[42] : 0.54071
 NASHEJ[43] : 2.41995
 NASHEJ[44] : 0.417404
 NASHEJ[45] : 0.268056
 NASHEJ[46] : 0.284926
 NASHEJ[47] : 0.3048
