HV : -64.3213
=============================================
indexNashBest :99
=============================================
 Nash[indexNashBest] : -0.108825
=============================================
 NASHEJ[0] : -0.0293836
 NASHEJ[1] : -0.0774872
 NASHEJ[2] : 0.0471392
 NASHEJ[3] : -0.0834205
 NASHEJ[4] : 0.0550133
 NASHEJ[5] : 0.0663425
 NASHEJ[6] : -0.0838075
 NASHEJ[7] : 19.9099
 NASHEJ[8] : -0.108666
 NASHEJ[9] : 0.0785561
 NASHEJ[10] : 0.0919541
 NASHEJ[11] : -0.0861449
 NASHEJ[12] : -0.0315653
 NASHEJ[13] : 7.59477
 NASHEJ[14] : -0.0248135
 NASHEJ[15] : 0.0842023
 NASHEJ[16] : 0.0788834
 NASHEJ[17] : -0.0382337
 NASHEJ[18] : -0.0939033
 NASHEJ[19] : 0.0458314
 NASHEJ[20] : 0.00431792
 NASHEJ[21] : 21.4221
 NASHEJ[22] : 0.0413803
 NASHEJ[23] : 0.0375551
 NASHEJ[24] : -0.0746317
 NASHEJ[25] : 360.088
 NASHEJ[26] : 0.0843364
 NASHEJ[27] : -0.0781678
 NASHEJ[28] : 0.0188302
 NASHEJ[29] : -0.0727951
 NASHEJ[30] : -0.0293836
 NASHEJ[31] : -0.0774872
 NASHEJ[32] : 0.0471392
 NASHEJ[33] : -0.0834205
 NASHEJ[34] : 0.0550133
 NASHEJ[35] : -0.0838075
 NASHEJ[36] : -0.108666
 NASHEJ[37] : -0.0861449
 NASHEJ[38] : -0.0315653
 NASHEJ[39] : 7.59477
 NASHEJ[40] : -0.0382337
 NASHEJ[41] : -0.0939033
 NASHEJ[42] : 21.4221
 NASHEJ[43] : 0.0413803
 NASHEJ[44] : -0.0746317
 NASHEJ[45] : 360.088
 NASHEJ[46] : 0.0843364
 NASHEJ[47] : -0.0781678
 NASHEJ[48] : 0.0188302
 NASHEJ[49] : -0.0727951
 NASHEJ[50] : 152.278
 NASHEJ[51] : -0.0879552
 NASHEJ[52] : 18.3741
 NASHEJ[53] : -0.0920705
 NASHEJ[54] : 0.0244
 NASHEJ[55] : -0.0506515
 NASHEJ[56] : 0.0455981
 NASHEJ[57] : 0.0633922
 NASHEJ[58] : 0.0568377
 NASHEJ[59] : -0.100027
 NASHEJ[60] : -0.0531786
 NASHEJ[61] : 0.0433413
 NASHEJ[62] : -0.0833099
 NASHEJ[63] : 0.0494193
 NASHEJ[64] : 0.040081
 NASHEJ[65] : -0.0293836
 NASHEJ[66] : -0.0774872
 NASHEJ[67] : 0.0471392
 NASHEJ[68] : -0.0834205
 NASHEJ[69] : 0.0550133
 NASHEJ[70] : -0.0838075
 NASHEJ[71] : -0.108666
 NASHEJ[72] : -0.0861449
 NASHEJ[73] : 7.59477
 NASHEJ[74] : -0.0382337
 NASHEJ[75] : -0.0939033
 NASHEJ[76] : 21.4221
 NASHEJ[77] : 0.0413803
 NASHEJ[78] : -0.0746317
 NASHEJ[79] : 360.088
 NASHEJ[80] : 0.0843364
 NASHEJ[81] : -0.0781678
 NASHEJ[82] : 0.0188302
 NASHEJ[83] : -0.0727951
 NASHEJ[84] : 152.278
 NASHEJ[85] : -0.0879552
 NASHEJ[86] : 18.3741
 NASHEJ[87] : -0.0920705
 NASHEJ[88] : 0.0244
 NASHEJ[89] : 0.0455981
 NASHEJ[90] : 0.0633922
 NASHEJ[91] : 0.0568377
 NASHEJ[92] : -0.0531786
 NASHEJ[93] : 0.0433413
 NASHEJ[94] : -0.0833099
 NASHEJ[95] : 0.0494193
 NASHEJ[96] : 0.040081
 NASHEJ[97] : -0.0912069
 NASHEJ[98] : -0.0810714
 NASHEJ[99] : -0.108825
 NASHEJ[100] : 0.367066
 NASHEJ[101] : 12.2244
 NASHEJ[102] : -0.0940014
 NASHEJ[103] : -0.0394458
 NASHEJ[104] : -0.0860882
