HV : 132.501
=============================================
indexNashBest :6
=============================================
 Nash[indexNashBest] : -0.16639
=============================================
 NASHEJ[0] : -0.0950173
 NASHEJ[1] : -0.157239
 NASHEJ[2] : -0.138694
 NASHEJ[3] : -0.0336056
 NASHEJ[4] : 0.00389974
 NASHEJ[5] : -0.0447417
 NASHEJ[6] : -0.16639
 NASHEJ[7] : 0.00915369
 NASHEJ[8] : 10.6118
 NASHEJ[9] : -0.0244725
 NASHEJ[10] : -0.129005
 NASHEJ[11] : 0.0128678
 NASHEJ[12] : 1.38293
 NASHEJ[13] : 0.0425741
 NASHEJ[14] : -0.148435
 NASHEJ[15] : 1.38917
 NASHEJ[16] : -0.142781
 NASHEJ[17] : -0.0949902
 NASHEJ[18] : -0.114838
 NASHEJ[19] : -0.0809509
 NASHEJ[20] : 0.00702384
 NASHEJ[21] : -0.16537
 NASHEJ[22] : -0.0941628
 NASHEJ[23] : -0.0317434
 NASHEJ[24] : -0.0980644
 NASHEJ[25] : 0.0113363
 NASHEJ[26] : -0.158572
