HV : 130.865
=============================================
indexNashBest :25
=============================================
 Nash[indexNashBest] : -0.170684
=============================================
 NASHEJ[0] : -0.0272368
 NASHEJ[1] : -0.056395
 NASHEJ[2] : -0.105604
 NASHEJ[3] : 0.0561222
 NASHEJ[4] : -0.0619568
 NASHEJ[5] : -0.108422
 NASHEJ[6] : -0.165516
 NASHEJ[7] : 0.0419471
 NASHEJ[8] : -0.0300654
 NASHEJ[9] : 0.0481529
 NASHEJ[10] : -0.0277248
 NASHEJ[11] : -0.1258
 NASHEJ[12] : -0.11971
 NASHEJ[13] : -0.114997
 NASHEJ[14] : -0.167328
 NASHEJ[15] : -0.150603
 NASHEJ[16] : -0.0881504
 NASHEJ[17] : -0.112939
 NASHEJ[18] : -0.01983
 NASHEJ[19] : 0.0212365
 NASHEJ[20] : -0.0139091
 NASHEJ[21] : -0.0411721
 NASHEJ[22] : 2.90195
 NASHEJ[23] : -0.00215553
 NASHEJ[24] : 7.51466
 NASHEJ[25] : -0.170684
 NASHEJ[26] : -0.0272368
 NASHEJ[27] : -0.056395
 NASHEJ[28] : -0.105604
 NASHEJ[29] : 0.0561222
 NASHEJ[30] : -0.0619568
 NASHEJ[31] : -0.108422
 NASHEJ[32] : -0.165516
 NASHEJ[33] : 0.0481529
 NASHEJ[34] : -0.0277248
 NASHEJ[35] : -0.11971
 NASHEJ[36] : -0.114997
 NASHEJ[37] : -0.167328
 NASHEJ[38] : -0.150603
 NASHEJ[39] : -0.0881504
 NASHEJ[40] : -0.01983
 NASHEJ[41] : 0.0212365
 NASHEJ[42] : -0.0139091
 NASHEJ[43] : -0.0411721
 NASHEJ[44] : 2.90195
 NASHEJ[45] : -0.00215553
 NASHEJ[46] : -0.170684
 NASHEJ[47] : -0.0356452
 NASHEJ[48] : -0.160132
 NASHEJ[49] : -0.0184815
 NASHEJ[50] : 2.91076
 NASHEJ[51] : 6.00751
 NASHEJ[52] : -0.168514
 NASHEJ[53] : 0.0205615
 NASHEJ[54] : -0.0673855
 NASHEJ[55] : -0.146297
 NASHEJ[56] : -0.113584
 NASHEJ[57] : -0.108091
 NASHEJ[58] : -0.0339859
 NASHEJ[59] : -0.125162
 NASHEJ[60] : 0.0256382
 NASHEJ[61] : 4.45028
 NASHEJ[62] : 0.0356806
