HV : 110.898
=============================================
indexNashBest :23
=============================================
 Nash[indexNashBest] : -0.164669
=============================================
 NASHEJ[0] : -0.12003
 NASHEJ[1] : -0.0741756
 NASHEJ[2] : 0.0289426
 NASHEJ[3] : 0.0201028
 NASHEJ[4] : 43.0698
 NASHEJ[5] : -0.150916
 NASHEJ[6] : 0.0105178
 NASHEJ[7] : 0.0231241
 NASHEJ[8] : 0.00567463
 NASHEJ[9] : -0.0417509
 NASHEJ[10] : -0.0544808
 NASHEJ[11] : -0.120824
 NASHEJ[12] : 0.0218942
 NASHEJ[13] : -0.00185759
 NASHEJ[14] : -0.0525639
 NASHEJ[15] : 9.1226
 NASHEJ[16] : -0.0573457
 NASHEJ[17] : -0.0999957
 NASHEJ[18] : 0.00710593
 NASHEJ[19] : -0.0900424
 NASHEJ[20] : 1.38539
 NASHEJ[21] : -0.120083
 NASHEJ[22] : -0.0898456
 NASHEJ[23] : -0.164669
 NASHEJ[24] : 0.00616823
 NASHEJ[25] : 0.0481529
 NASHEJ[26] : -0.131653
 NASHEJ[27] : -0.0541913
 NASHEJ[28] : 0.0346058
 NASHEJ[29] : -0.160563
 NASHEJ[30] : -0.0291225
