HV : 113.312
=============================================
indexNashBest :58
=============================================
 Nash[indexNashBest] : -0.167509
=============================================
 NASHEJ[0] : -0.12003
 NASHEJ[1] : -0.0741756
 NASHEJ[2] : 0.0289426
 NASHEJ[3] : 0.0201028
 NASHEJ[4] : 43.0698
 NASHEJ[5] : -0.150916
 NASHEJ[6] : 0.0105178
 NASHEJ[7] : 0.0231241
 NASHEJ[8] : 0.00567463
 NASHEJ[9] : -0.0417509
 NASHEJ[10] : -0.0544808
 NASHEJ[11] : -0.120824
 NASHEJ[12] : 0.0218942
 NASHEJ[13] : -0.00185759
 NASHEJ[14] : -0.0525639
 NASHEJ[15] : 9.1226
 NASHEJ[16] : -0.0573457
 NASHEJ[17] : -0.0999957
 NASHEJ[18] : 0.00710593
 NASHEJ[19] : -0.0900424
 NASHEJ[20] : 1.38539
 NASHEJ[21] : -0.120083
 NASHEJ[22] : -0.0898456
 NASHEJ[23] : -0.164669
 NASHEJ[24] : 0.00616823
 NASHEJ[25] : 0.0481529
 NASHEJ[26] : -0.131653
 NASHEJ[27] : -0.0541913
 NASHEJ[28] : 0.0346058
 NASHEJ[29] : -0.160563
 NASHEJ[30] : -0.0291225
 NASHEJ[31] : -0.12003
 NASHEJ[32] : -0.0741756
 NASHEJ[33] : 43.0698
 NASHEJ[34] : 0.00567463
 NASHEJ[35] : -0.120824
 NASHEJ[36] : -0.00185759
 NASHEJ[37] : -0.0525639
 NASHEJ[38] : -0.0573457
 NASHEJ[39] : -0.0999957
 NASHEJ[40] : 0.00710593
 NASHEJ[41] : -0.0900424
 NASHEJ[42] : 1.38539
 NASHEJ[43] : -0.120083
 NASHEJ[44] : -0.0898456
 NASHEJ[45] : -0.164669
 NASHEJ[46] : 0.0481529
 NASHEJ[47] : -0.131653
 NASHEJ[48] : -0.0541913
 NASHEJ[49] : -0.0846994
 NASHEJ[50] : -0.131799
 NASHEJ[51] : -0.000897574
 NASHEJ[52] : -0.0240315
 NASHEJ[53] : 1.37448
 NASHEJ[54] : -0.165777
 NASHEJ[55] : 4.47879
 NASHEJ[56] : -0.0906851
 NASHEJ[57] : 8.38782e-05
 NASHEJ[58] : -0.167509
 NASHEJ[59] : -0.00539619
 NASHEJ[60] : -0.120032
 NASHEJ[61] : 0.00283194
 NASHEJ[62] : -0.0631032
 NASHEJ[63] : 0.00236312
 NASHEJ[64] : -0.00225733
 NASHEJ[65] : -0.00119077
 NASHEJ[66] : -0.00177777
