HV : 99.3828
=============================================
indexNashBest :29
=============================================
 Nash[indexNashBest] : 0.69658
=============================================
 NASHEJ[0] : 0.765115
 NASHEJ[1] : 0.822625
 NASHEJ[2] : 1.09109
 NASHEJ[3] : 4.21535
 NASHEJ[4] : 1.36916
 NASHEJ[5] : 1.21481
 NASHEJ[6] : 0.765115
 NASHEJ[7] : 1.09109
 NASHEJ[8] : 1.21481
 NASHEJ[9] : 1.36258
 NASHEJ[10] : 4.0336
 NASHEJ[11] : 0.806232
 NASHEJ[12] : 1.30556
 NASHEJ[13] : 1.09109
 NASHEJ[14] : 1.21481
 NASHEJ[15] : 1.36258
 NASHEJ[16] : 4.0336
 NASHEJ[17] : 0.740866
 NASHEJ[18] : 1.64602
 NASHEJ[19] : 0.756256
 NASHEJ[20] : 1.30484
 NASHEJ[21] : 1.27617
 NASHEJ[22] : 1.09109
 NASHEJ[23] : 1.21481
 NASHEJ[24] : 1.36258
 NASHEJ[25] : 4.0336
 NASHEJ[26] : 1.64602
 NASHEJ[27] : 1.30484
 NASHEJ[28] : 1.27617
 NASHEJ[29] : 0.69658
 NASHEJ[30] : 0.705173
 NASHEJ[31] : 1.09109
 NASHEJ[32] : 1.21481
 NASHEJ[33] : 1.36258
 NASHEJ[34] : 4.0336
 NASHEJ[35] : 1.64602
 NASHEJ[36] : 1.30484
 NASHEJ[37] : 1.27617
 NASHEJ[38] : 0.69658
 NASHEJ[39] : 0.705173
 NASHEJ[40] : 1.27507
 NASHEJ[41] : 1.09109
 NASHEJ[42] : 1.21481
 NASHEJ[43] : 4.0336
 NASHEJ[44] : 1.64602
 NASHEJ[45] : 1.30484
 NASHEJ[46] : 1.27617
 NASHEJ[47] : 0.69658
 NASHEJ[48] : 0.705173
 NASHEJ[49] : 1.27507
 NASHEJ[50] : 1.32113
 NASHEJ[51] : 1.09109
 NASHEJ[52] : 1.21481
 NASHEJ[53] : 4.0336
 NASHEJ[54] : 1.64602
 NASHEJ[55] : 1.30484
 NASHEJ[56] : 1.27617
 NASHEJ[57] : 0.69658
 NASHEJ[58] : 0.705173
 NASHEJ[59] : 1.27507
 NASHEJ[60] : 1.32113
 NASHEJ[61] : 1.09109
 NASHEJ[62] : 1.21481
 NASHEJ[63] : 4.0336
 NASHEJ[64] : 1.64602
 NASHEJ[65] : 1.30484
 NASHEJ[66] : 1.27617
 NASHEJ[67] : 0.69658
 NASHEJ[68] : 0.705173
 NASHEJ[69] : 1.27507
 NASHEJ[70] : 1.32113
 NASHEJ[71] : 5.03088
