HV : 101.306
=============================================
indexNashBest :41
=============================================
 Nash[indexNashBest] : 0.254117
=============================================
 NASHEJ[0] : 3.58303
 NASHEJ[1] : 1.01146
 NASHEJ[2] : 3.84496
 NASHEJ[3] : 0.745076
 NASHEJ[4] : 0.990571
 NASHEJ[5] : 0.413449
 NASHEJ[6] : 3.6467
 NASHEJ[7] : 0.293989
 NASHEJ[8] : 3.58303
 NASHEJ[9] : 3.84496
 NASHEJ[10] : 0.745076
 NASHEJ[11] : 0.990571
 NASHEJ[12] : 0.413449
 NASHEJ[13] : 3.6467
 NASHEJ[14] : 4.23631
 NASHEJ[15] : 0.946213
 NASHEJ[16] : 3.72305
 NASHEJ[17] : 0.291945
 NASHEJ[18] : 4.03986
 NASHEJ[19] : 0.413449
 NASHEJ[20] : 0.291945
 NASHEJ[21] : 0.54071
 NASHEJ[22] : 1.30586
 NASHEJ[23] : 0.413449
 NASHEJ[24] : 0.291945
 NASHEJ[25] : 0.54071
 NASHEJ[26] : 1.30586
 NASHEJ[27] : 0.412924
 NASHEJ[28] : 1.30586
 NASHEJ[29] : 0.413449
 NASHEJ[30] : 0.291945
 NASHEJ[31] : 0.54071
 NASHEJ[32] : 1.30586
 NASHEJ[33] : 0.412924
 NASHEJ[34] : 1.30586
 NASHEJ[35] : 0.542831
 NASHEJ[36] : 0.413449
 NASHEJ[37] : 0.54071
 NASHEJ[38] : 1.30586
 NASHEJ[39] : 1.30586
 NASHEJ[40] : 0.542831
 NASHEJ[41] : 0.254117
