HV : 105.761
=============================================
indexNashBest :6
=============================================
 Nash[indexNashBest] : -0.16639
=============================================
 NASHEJ[0] : -0.0950173
 NASHEJ[1] : -0.157239
 NASHEJ[2] : -0.138694
 NASHEJ[3] : -0.0336056
 NASHEJ[4] : 0.00389974
 NASHEJ[5] : -0.0447417
 NASHEJ[6] : -0.16639
 NASHEJ[7] : 0.00915369
 NASHEJ[8] : 10.6118
 NASHEJ[9] : -0.0244725
 NASHEJ[10] : -0.129005
 NASHEJ[11] : 0.0128678
 NASHEJ[12] : 1.38293
 NASHEJ[13] : 0.0425741
 NASHEJ[14] : -0.148435
 NASHEJ[15] : 1.38917
 NASHEJ[16] : -0.142781
 NASHEJ[17] : -0.0949902
 NASHEJ[18] : -0.114838
 NASHEJ[19] : -0.0809509
 NASHEJ[20] : 0.00702384
 NASHEJ[21] : -0.16537
 NASHEJ[22] : -0.0941628
 NASHEJ[23] : -0.0317434
 NASHEJ[24] : -0.0980644
 NASHEJ[25] : 0.0113363
 NASHEJ[26] : -0.158572
 NASHEJ[27] : -0.0950173
 NASHEJ[28] : -0.157239
 NASHEJ[29] : -0.138694
 NASHEJ[30] : -0.0336056
 NASHEJ[31] : 0.00389974
 NASHEJ[32] : -0.0447417
 NASHEJ[33] : -0.16639
 NASHEJ[34] : 0.00915369
 NASHEJ[35] : -0.129005
 NASHEJ[36] : 0.0128678
 NASHEJ[37] : -0.148435
 NASHEJ[38] : 1.38917
 NASHEJ[39] : -0.142781
 NASHEJ[40] : 0.00702384
 NASHEJ[41] : -0.16537
 NASHEJ[42] : -0.158572
 NASHEJ[43] : -0.0658149
 NASHEJ[44] : -0.0471882
 NASHEJ[45] : -0.105194
 NASHEJ[46] : -0.0133676
 NASHEJ[47] : -0.133673
 NASHEJ[48] : -0.0992216
 NASHEJ[49] : 0.00665579
 NASHEJ[50] : -0.151137
 NASHEJ[51] : 2.91885
 NASHEJ[52] : 0.0481529
 NASHEJ[53] : 86.2118
 NASHEJ[54] : -0.0573301
 NASHEJ[55] : 0.0371259
 NASHEJ[56] : 0.0165371
 NASHEJ[57] : 0.00409771
 NASHEJ[58] : 2.91654
 NASHEJ[59] : -0.141724
 NASHEJ[60] : 52.2728
