HV : 101.41
=============================================
indexNashBest :4
=============================================
 Nash[indexNashBest] : 0.309385
=============================================
 NASHEJ[0] : 0.946213
 NASHEJ[1] : 0.773949
 NASHEJ[2] : 1.38304
 NASHEJ[3] : 4.12188
 NASHEJ[4] : 0.309385
 NASHEJ[5] : 0.822646
 NASHEJ[6] : 0.665201
 NASHEJ[7] : 1.19117
 NASHEJ[8] : 0.848583
 NASHEJ[9] : 1.38304
 NASHEJ[10] : 4.12188
 NASHEJ[11] : 0.309385
 NASHEJ[12] : 0.665201
 NASHEJ[13] : 0.652668
 NASHEJ[14] : 1.31479
 NASHEJ[15] : 0.343906
 NASHEJ[16] : 1.33308
