HV : 131.964
=============================================
indexNashBest :25
=============================================
 Nash[indexNashBest] : -0.170684
=============================================
 NASHEJ[0] : -0.0272368
 NASHEJ[1] : -0.056395
 NASHEJ[2] : -0.105604
 NASHEJ[3] : 0.0561222
 NASHEJ[4] : -0.0619568
 NASHEJ[5] : -0.108422
 NASHEJ[6] : -0.165516
 NASHEJ[7] : 0.0419471
 NASHEJ[8] : -0.0300654
 NASHEJ[9] : 0.0481529
 NASHEJ[10] : -0.0277248
 NASHEJ[11] : -0.1258
 NASHEJ[12] : -0.11971
 NASHEJ[13] : -0.114997
 NASHEJ[14] : -0.167328
 NASHEJ[15] : -0.150603
 NASHEJ[16] : -0.0881504
 NASHEJ[17] : -0.112939
 NASHEJ[18] : -0.01983
 NASHEJ[19] : 0.0212365
 NASHEJ[20] : -0.0139091
 NASHEJ[21] : -0.0411721
 NASHEJ[22] : 2.90195
 NASHEJ[23] : -0.00215553
 NASHEJ[24] : 7.51466
 NASHEJ[25] : -0.170684
