HV : 129.825
=============================================
indexNashBest :41
=============================================
 Nash[indexNashBest] : -0.168667
=============================================
 NASHEJ[0] : -0.156261
 NASHEJ[1] : -0.147576
 NASHEJ[2] : -0.00529141
 NASHEJ[3] : 0.0161164
 NASHEJ[4] : -0.040704
 NASHEJ[5] : 0.0161914
 NASHEJ[6] : -0.0183126
 NASHEJ[7] : -0.0136152
 NASHEJ[8] : -0.148312
 NASHEJ[9] : -0.128517
 NASHEJ[10] : -0.0636655
 NASHEJ[11] : 0.0419101
 NASHEJ[12] : 0.0138796
 NASHEJ[13] : -0.0970576
 NASHEJ[14] : 0.0173905
 NASHEJ[15] : -0.0510541
 NASHEJ[16] : -0.000648569
 NASHEJ[17] : 0.0233151
 NASHEJ[18] : -0.0958782
 NASHEJ[19] : -0.129301
 NASHEJ[20] : -0.0113713
 NASHEJ[21] : -0.0115988
 NASHEJ[22] : -0.155674
 NASHEJ[23] : 0.0118678
 NASHEJ[24] : -0.160696
 NASHEJ[25] : -0.0846102
 NASHEJ[26] : -0.155748
 NASHEJ[27] : -0.040704
 NASHEJ[28] : -0.0183126
 NASHEJ[29] : -0.0136152
 NASHEJ[30] : -0.148312
 NASHEJ[31] : -0.0636655
 NASHEJ[32] : -0.0970576
 NASHEJ[33] : -0.0510541
 NASHEJ[34] : -0.0958782
 NASHEJ[35] : -0.129301
 NASHEJ[36] : -0.160696
 NASHEJ[37] : -0.0846102
 NASHEJ[38] : -0.155748
 NASHEJ[39] : -0.0684615
 NASHEJ[40] : 0.031406
 NASHEJ[41] : -0.168667
 NASHEJ[42] : -0.00949395
 NASHEJ[43] : -0.0269783
 NASHEJ[44] : 87.8402
 NASHEJ[45] : -0.0155283
 NASHEJ[46] : -0.0439022
 NASHEJ[47] : -0.0420981
 NASHEJ[48] : -0.011367
 NASHEJ[49] : -0.159491
 NASHEJ[50] : -0.0134983
 NASHEJ[51] : -0.145824
 NASHEJ[52] : -0.0227942
 NASHEJ[53] : -0.16361
