HV : 101.041
=============================================
indexNashBest :11
=============================================
 Nash[indexNashBest] : 0.266451
=============================================
 NASHEJ[0] : 0.990571
 NASHEJ[1] : 0.908246
 NASHEJ[2] : 0.340858
 NASHEJ[3] : 0.331463
 NASHEJ[4] : 0.93756
 NASHEJ[5] : 1.47883
 NASHEJ[6] : 4.79909
 NASHEJ[7] : 0.340858
 NASHEJ[8] : 1.30586
 NASHEJ[9] : 0.54071
 NASHEJ[10] : 0.464155
 NASHEJ[11] : 0.266451
 NASHEJ[12] : 1.30586
 NASHEJ[13] : 0.54071
 NASHEJ[14] : 0.464155
 NASHEJ[15] : 0.266451
 NASHEJ[16] : 0.30072
