HV : 101.783
=============================================
indexNashBest :37
=============================================
 Nash[indexNashBest] : 0.226978
=============================================
 NASHEJ[0] : 4.34595
 NASHEJ[1] : 0.735853
 NASHEJ[2] : 0.344696
 NASHEJ[3] : 0.829447
 NASHEJ[4] : 0.476727
 NASHEJ[5] : 0.28306
 NASHEJ[6] : 0.92018
 NASHEJ[7] : 0.822914
 NASHEJ[8] : 4.34595
 NASHEJ[9] : 0.344696
 NASHEJ[10] : 0.829447
 NASHEJ[11] : 0.476727
 NASHEJ[12] : 0.28306
 NASHEJ[13] : 0.705311
 NASHEJ[14] : 0.700237
 NASHEJ[15] : 0.698023
 NASHEJ[16] : 4.34595
 NASHEJ[17] : 0.344696
 NASHEJ[18] : 0.829447
 NASHEJ[19] : 0.476727
 NASHEJ[20] : 0.28306
 NASHEJ[21] : 0.705311
 NASHEJ[22] : 0.700237
 NASHEJ[23] : 0.698023
 NASHEJ[24] : 0.705311
 NASHEJ[25] : 4.34595
 NASHEJ[26] : 0.344696
 NASHEJ[27] : 0.829447
 NASHEJ[28] : 0.28306
 NASHEJ[29] : 0.659598
 NASHEJ[30] : 0.417926
 NASHEJ[31] : 0.54071
 NASHEJ[32] : 4.34595
 NASHEJ[33] : 0.829447
 NASHEJ[34] : 0.659598
 NASHEJ[35] : 0.417926
 NASHEJ[36] : 0.54071
 NASHEJ[37] : 0.226978
 NASHEJ[38] : 4.34595
 NASHEJ[39] : 0.829447
 NASHEJ[40] : 0.659598
 NASHEJ[41] : 0.417926
 NASHEJ[42] : 0.54071
 NASHEJ[43] : 0.226978
 NASHEJ[44] : 4.34595
 NASHEJ[45] : 0.829447
 NASHEJ[46] : 0.417926
 NASHEJ[47] : 0.54071
 NASHEJ[48] : 0.226978
 NASHEJ[49] : 0.652764
 NASHEJ[50] : 4.34595
 NASHEJ[51] : 0.829447
 NASHEJ[52] : 0.417926
 NASHEJ[53] : 0.54071
 NASHEJ[54] : 0.226978
 NASHEJ[55] : 0.652764
 NASHEJ[56] : 4.34595
 NASHEJ[57] : 0.829447
 NASHEJ[58] : 0.54071
 NASHEJ[59] : 0.226978
 NASHEJ[60] : 0.652764
 NASHEJ[61] : 0.323821
 NASHEJ[62] : 4.34595
 NASHEJ[63] : 0.829447
 NASHEJ[64] : 0.54071
 NASHEJ[65] : 0.226978
 NASHEJ[66] : 0.652764
 NASHEJ[67] : 0.323821
