HV : 133.93
=============================================
indexNashBest :20
=============================================
 Nash[indexNashBest] : -0.168594
=============================================
 NASHEJ[0] : 2.90402
 NASHEJ[1] : -0.0277013
 NASHEJ[2] : 1.37022
 NASHEJ[3] : -0.0488982
 NASHEJ[4] : -0.109053
 NASHEJ[5] : -0.0155283
 NASHEJ[6] : 0.0284741
 NASHEJ[7] : -0.0276218
 NASHEJ[8] : -0.0973362
 NASHEJ[9] : -0.0352806
 NASHEJ[10] : -0.0124424
 NASHEJ[11] : -0.0126009
 NASHEJ[12] : 0.0161914
 NASHEJ[13] : -0.00613036
 NASHEJ[14] : 0.000536318
 NASHEJ[15] : -0.144594
 NASHEJ[16] : -0.155997
 NASHEJ[17] : -0.106624
 NASHEJ[18] : -0.140641
 NASHEJ[19] : -0.0282085
 NASHEJ[20] : -0.168594
 NASHEJ[21] : -0.168171
 NASHEJ[22] : 0.0051259
 NASHEJ[23] : -0.0916205
 NASHEJ[24] : -0.123572
 NASHEJ[25] : 2.90402
 NASHEJ[26] : -0.0277013
 NASHEJ[27] : -0.109053
 NASHEJ[28] : -0.0155283
 NASHEJ[29] : -0.0276218
 NASHEJ[30] : -0.0352806
 NASHEJ[31] : -0.0124424
 NASHEJ[32] : 0.0161914
 NASHEJ[33] : -0.00613036
 NASHEJ[34] : 0.000536318
 NASHEJ[35] : -0.144594
 NASHEJ[36] : -0.155997
 NASHEJ[37] : -0.106624
 NASHEJ[38] : -0.140641
 NASHEJ[39] : -0.0282085
 NASHEJ[40] : -0.168594
 NASHEJ[41] : -0.168171
 NASHEJ[42] : 0.0051259
 NASHEJ[43] : -0.123572
 NASHEJ[44] : -0.155748
 NASHEJ[45] : -0.0244699
 NASHEJ[46] : -0.067047
 NASHEJ[47] : -0.0153584
 NASHEJ[48] : -0.00702593
 NASHEJ[49] : -0.0920912
 NASHEJ[50] : -0.0892778
 NASHEJ[51] : -0.0325404
 NASHEJ[52] : -0.154344
 NASHEJ[53] : 0.0250838
 NASHEJ[54] : -0.135279
 NASHEJ[55] : -0.111188
 NASHEJ[56] : -0.129895
 NASHEJ[57] : 2.90402
 NASHEJ[58] : -0.0277013
 NASHEJ[59] : -0.109053
 NASHEJ[60] : -0.0155283
 NASHEJ[61] : 0.0161914
 NASHEJ[62] : -0.00613036
 NASHEJ[63] : -0.144594
 NASHEJ[64] : -0.106624
 NASHEJ[65] : -0.140641
 NASHEJ[66] : -0.168594
 NASHEJ[67] : -0.168171
 NASHEJ[68] : 0.0051259
 NASHEJ[69] : -0.123572
 NASHEJ[70] : -0.155748
 NASHEJ[71] : -0.067047
 NASHEJ[72] : -0.0153584
 NASHEJ[73] : -0.154344
 NASHEJ[74] : 0.0250838
 NASHEJ[75] : -0.135279
 NASHEJ[76] : -0.111188
 NASHEJ[77] : -0.129895
 NASHEJ[78] : -0.0485611
 NASHEJ[79] : -0.136035
 NASHEJ[80] : 4.43602
 NASHEJ[81] : -0.0671607
 NASHEJ[82] : -0.160927
 NASHEJ[83] : -0.103642
 NASHEJ[84] : -0.0365752
 NASHEJ[85] : -0.108633
 NASHEJ[86] : 0.0479236
 NASHEJ[87] : -0.155083
 NASHEJ[88] : -0.0938721
 NASHEJ[89] : -0.0595995
 NASHEJ[90] : 2.90402
 NASHEJ[91] : -0.0277013
 NASHEJ[92] : -0.109053
 NASHEJ[93] : -0.0155283
 NASHEJ[94] : 0.0161914
 NASHEJ[95] : -0.00613036
 NASHEJ[96] : -0.144594
 NASHEJ[97] : -0.106624
 NASHEJ[98] : -0.140641
 NASHEJ[99] : -0.168594
 NASHEJ[100] : -0.168171
 NASHEJ[101] : 0.0051259
 NASHEJ[102] : -0.123572
 NASHEJ[103] : -0.155748
 NASHEJ[104] : -0.067047
 NASHEJ[105] : -0.154344
 NASHEJ[106] : -0.135279
 NASHEJ[107] : -0.111188
 NASHEJ[108] : -0.129895
 NASHEJ[109] : -0.0485611
 NASHEJ[110] : 4.43602
 NASHEJ[111] : -0.0671607
 NASHEJ[112] : -0.0365752
 NASHEJ[113] : -0.108633
 NASHEJ[114] : -0.155083
 NASHEJ[115] : -0.0938721
 NASHEJ[116] : -0.0595995
 NASHEJ[117] : -0.0518597
 NASHEJ[118] : 0.00123064
 NASHEJ[119] : -0.167199
 NASHEJ[120] : 0.0187416
 NASHEJ[121] : -0.108782
 NASHEJ[122] : -0.0255334
