HV : 101.769
=============================================
indexNashBest :5
=============================================
 Nash[indexNashBest] : 0.28306
=============================================
 NASHEJ[0] : 4.34595
 NASHEJ[1] : 0.735853
 NASHEJ[2] : 0.344696
 NASHEJ[3] : 0.829447
 NASHEJ[4] : 0.476727
 NASHEJ[5] : 0.28306
 NASHEJ[6] : 0.92018
 NASHEJ[7] : 0.822914
 NASHEJ[8] : 4.34595
 NASHEJ[9] : 0.344696
 NASHEJ[10] : 0.829447
 NASHEJ[11] : 0.476727
 NASHEJ[12] : 0.28306
 NASHEJ[13] : 0.705311
 NASHEJ[14] : 0.700237
 NASHEJ[15] : 0.698023
 NASHEJ[16] : 4.34595
 NASHEJ[17] : 0.344696
 NASHEJ[18] : 0.829447
 NASHEJ[19] : 0.476727
 NASHEJ[20] : 0.28306
 NASHEJ[21] : 0.705311
 NASHEJ[22] : 0.700237
 NASHEJ[23] : 0.698023
 NASHEJ[24] : 0.705311
 NASHEJ[25] : 4.34595
 NASHEJ[26] : 0.344696
 NASHEJ[27] : 0.829447
 NASHEJ[28] : 0.28306
 NASHEJ[29] : 0.659598
 NASHEJ[30] : 0.417926
 NASHEJ[31] : 0.54071
