HV : 101.051
=============================================
indexNashBest :26
=============================================
 Nash[indexNashBest] : 0.246067
=============================================
 NASHEJ[0] : 0.990571
 NASHEJ[1] : 0.908246
 NASHEJ[2] : 0.340858
 NASHEJ[3] : 0.331463
 NASHEJ[4] : 0.93756
 NASHEJ[5] : 1.47883
 NASHEJ[6] : 4.79909
 NASHEJ[7] : 0.340858
 NASHEJ[8] : 1.30586
 NASHEJ[9] : 0.54071
 NASHEJ[10] : 0.464155
 NASHEJ[11] : 0.266451
 NASHEJ[12] : 1.30586
 NASHEJ[13] : 0.54071
 NASHEJ[14] : 0.464155
 NASHEJ[15] : 0.266451
 NASHEJ[16] : 0.30072
 NASHEJ[17] : 1.30586
 NASHEJ[18] : 0.54071
 NASHEJ[19] : 0.464155
 NASHEJ[20] : 0.266451
 NASHEJ[21] : 0.282302
 NASHEJ[22] : 1.30586
 NASHEJ[23] : 0.54071
 NASHEJ[24] : 0.464155
 NASHEJ[25] : 0.266451
 NASHEJ[26] : 0.246067
