HV : 120.245
=============================================
indexNashBest :28
=============================================
 Nash[indexNashBest] : -0.0967308
=============================================
 NASHEJ[0] : -0.0261539
 NASHEJ[1] : -0.0644861
 NASHEJ[2] : -0.0929991
 NASHEJ[3] : -0.0648354
 NASHEJ[4] : 0.0451912
 NASHEJ[5] : 1.44545
 NASHEJ[6] : -0.0836037
 NASHEJ[7] : -0.04367
 NASHEJ[8] : 4.54219
 NASHEJ[9] : -0.0634086
 NASHEJ[10] : 15.3318
 NASHEJ[11] : -0.00354639
 NASHEJ[12] : 0.0798033
 NASHEJ[13] : 1.45509
 NASHEJ[14] : -0.00516389
 NASHEJ[15] : 0.0360308
 NASHEJ[16] : -0.0422416
 NASHEJ[17] : 0.0295715
 NASHEJ[18] : 0.0157338
 NASHEJ[19] : -0.0255224
 NASHEJ[20] : -0.0846696
 NASHEJ[21] : -0.0731902
 NASHEJ[22] : 1.44749
 NASHEJ[23] : -0.0388842
 NASHEJ[24] : -0.0911289
 NASHEJ[25] : -0.0244822
 NASHEJ[26] : -0.0959891
 NASHEJ[27] : 0.0438238
 NASHEJ[28] : -0.0967308
 NASHEJ[29] : 1.45125
