HV : 101.731
=============================================
indexNashBest :42
=============================================
 Nash[indexNashBest] : 0.284793
=============================================
 NASHEJ[0] : 0.946213
 NASHEJ[1] : 0.773949
 NASHEJ[2] : 1.38304
 NASHEJ[3] : 4.12188
 NASHEJ[4] : 0.309385
 NASHEJ[5] : 0.822646
 NASHEJ[6] : 0.665201
 NASHEJ[7] : 1.19117
 NASHEJ[8] : 0.848583
 NASHEJ[9] : 1.38304
 NASHEJ[10] : 4.12188
 NASHEJ[11] : 0.309385
 NASHEJ[12] : 0.665201
 NASHEJ[13] : 0.652668
 NASHEJ[14] : 1.31479
 NASHEJ[15] : 0.343906
 NASHEJ[16] : 1.33308
 NASHEJ[17] : 1.38304
 NASHEJ[18] : 4.12188
 NASHEJ[19] : 0.309385
 NASHEJ[20] : 0.652668
 NASHEJ[21] : 1.33308
 NASHEJ[22] : 0.937873
 NASHEJ[23] : 0.338513
 NASHEJ[24] : 0.483532
 NASHEJ[25] : 1.38304
 NASHEJ[26] : 4.12188
 NASHEJ[27] : 0.652668
 NASHEJ[28] : 1.33308
 NASHEJ[29] : 0.937873
 NASHEJ[30] : 0.338513
 NASHEJ[31] : 0.483532
 NASHEJ[32] : 0.301881
 NASHEJ[33] : 3.47998
 NASHEJ[34] : 1.38304
 NASHEJ[35] : 4.12188
 NASHEJ[36] : 0.652668
 NASHEJ[37] : 1.33308
 NASHEJ[38] : 0.937873
 NASHEJ[39] : 0.338513
 NASHEJ[40] : 0.483532
 NASHEJ[41] : 3.47998
 NASHEJ[42] : 0.284793
 NASHEJ[43] : 4.12188
 NASHEJ[44] : 0.338513
 NASHEJ[45] : 0.483532
 NASHEJ[46] : 0.284793
 NASHEJ[47] : 0.54071
 NASHEJ[48] : 4.12188
 NASHEJ[49] : 0.338513
 NASHEJ[50] : 0.483532
 NASHEJ[51] : 0.284793
 NASHEJ[52] : 0.54071
 NASHEJ[53] : 4.16976
 NASHEJ[54] : 4.3906
 NASHEJ[55] : 0.666612
