HV : 134.781
=============================================
indexNashBest :24
=============================================
 Nash[indexNashBest] : -0.160696
=============================================
 NASHEJ[0] : -0.156261
 NASHEJ[1] : -0.147576
 NASHEJ[2] : -0.00529141
 NASHEJ[3] : 0.0161164
 NASHEJ[4] : -0.040704
 NASHEJ[5] : 0.0161914
 NASHEJ[6] : -0.0183126
 NASHEJ[7] : -0.0136152
 NASHEJ[8] : -0.148312
 NASHEJ[9] : -0.128517
 NASHEJ[10] : -0.0636655
 NASHEJ[11] : 0.0419101
 NASHEJ[12] : 0.0138796
 NASHEJ[13] : -0.0970576
 NASHEJ[14] : 0.0173905
 NASHEJ[15] : -0.0510541
 NASHEJ[16] : -0.000648569
 NASHEJ[17] : 0.0233151
 NASHEJ[18] : -0.0958782
 NASHEJ[19] : -0.129301
 NASHEJ[20] : -0.0113713
 NASHEJ[21] : -0.0115988
 NASHEJ[22] : -0.155674
 NASHEJ[23] : 0.0118678
 NASHEJ[24] : -0.160696
 NASHEJ[25] : -0.0846102
 NASHEJ[26] : -0.155748
