HV : 131.914
=============================================
indexNashBest :20
=============================================
 Nash[indexNashBest] : -0.168594
=============================================
 NASHEJ[0] : 2.90402
 NASHEJ[1] : -0.0277013
 NASHEJ[2] : 1.37022
 NASHEJ[3] : -0.0488982
 NASHEJ[4] : -0.109053
 NASHEJ[5] : -0.0155283
 NASHEJ[6] : 0.0284741
 NASHEJ[7] : -0.0276218
 NASHEJ[8] : -0.0973362
 NASHEJ[9] : -0.0352806
 NASHEJ[10] : -0.0124424
 NASHEJ[11] : -0.0126009
 NASHEJ[12] : 0.0161914
 NASHEJ[13] : -0.00613036
 NASHEJ[14] : 0.000536318
 NASHEJ[15] : -0.144594
 NASHEJ[16] : -0.155997
 NASHEJ[17] : -0.106624
 NASHEJ[18] : -0.140641
 NASHEJ[19] : -0.0282085
 NASHEJ[20] : -0.168594
 NASHEJ[21] : -0.168171
 NASHEJ[22] : 0.0051259
 NASHEJ[23] : -0.0916205
 NASHEJ[24] : -0.123572
