HV : 101.179
=============================================
indexNashBest :26
=============================================
 Nash[indexNashBest] : 0.246067
=============================================
 NASHEJ[0] : 0.990571
 NASHEJ[1] : 0.908246
 NASHEJ[2] : 0.340858
 NASHEJ[3] : 0.331463
 NASHEJ[4] : 0.93756
 NASHEJ[5] : 1.47883
 NASHEJ[6] : 4.79909
 NASHEJ[7] : 0.340858
 NASHEJ[8] : 1.30586
 NASHEJ[9] : 0.54071
 NASHEJ[10] : 0.464155
 NASHEJ[11] : 0.266451
 NASHEJ[12] : 1.30586
 NASHEJ[13] : 0.54071
 NASHEJ[14] : 0.464155
 NASHEJ[15] : 0.266451
 NASHEJ[16] : 0.30072
 NASHEJ[17] : 1.30586
 NASHEJ[18] : 0.54071
 NASHEJ[19] : 0.464155
 NASHEJ[20] : 0.266451
 NASHEJ[21] : 0.282302
 NASHEJ[22] : 1.30586
 NASHEJ[23] : 0.54071
 NASHEJ[24] : 0.464155
 NASHEJ[25] : 0.266451
 NASHEJ[26] : 0.246067
 NASHEJ[27] : 1.30586
 NASHEJ[28] : 0.54071
 NASHEJ[29] : 0.464155
 NASHEJ[30] : 0.266451
 NASHEJ[31] : 0.246067
 NASHEJ[32] : 1.30586
 NASHEJ[33] : 0.54071
 NASHEJ[34] : 0.464155
 NASHEJ[35] : 0.266451
 NASHEJ[36] : 0.246067
 NASHEJ[37] : 0.54071
 NASHEJ[38] : 1.30586
 NASHEJ[39] : 0.54071
 NASHEJ[40] : 0.464155
 NASHEJ[41] : 0.266451
 NASHEJ[42] : 0.246067
 NASHEJ[43] : 0.54071
 NASHEJ[44] : 2.43189
 NASHEJ[45] : 1.30586
 NASHEJ[46] : 0.54071
 NASHEJ[47] : 0.464155
 NASHEJ[48] : 0.266451
 NASHEJ[49] : 0.246067
 NASHEJ[50] : 0.54071
 NASHEJ[51] : 2.43189
 NASHEJ[52] : 1.30586
 NASHEJ[53] : 0.54071
 NASHEJ[54] : 0.464155
 NASHEJ[55] : 0.266451
 NASHEJ[56] : 0.246067
 NASHEJ[57] : 0.54071
 NASHEJ[58] : 2.43189
